142
1  0  0 
1  0  0 
3  0  0 
3  0  0 
3  0  0 
3  0  0 
3  0  0 
4  1  0 
6  1  0 
9  1  0 
9  3  0 
15  3  0 
15  3  0 
25  3  0 
45  6  0 
49  6  0 
89  7  0 
123  9  0 
131  9  0 
158  9  0 
184  16  0 
260  19  0 
277  25  0 
308  25  0 
367  52  0 
433  64  3 
576  64  7 
794  79  11 
906  86  17 
1029  94  23 
1292  115  26 
1452  139  37 
1815  206  43 
2109  209  65 
2245  220  82 
2460  252  92 
2738  267  115 
3183  283  133 
3613  329  146 
3864  374  151 
4057  406  176 
4417  460  197 
4761  528  220 
5202  647  248 
5467  729  270 
5990  758  291 
6300  852  316 
6633  914  331 
6879  1051  351 
7216  1217  372 
7707  1357  392 
8067  1508  411 
8418  1730  421 
8746  1892  451 
8936  2017  478 
9242  2153  498 
9710  2406  524 
10096  2478  545 
10417  2817  567 
10635  2890  601 
11036  3054  619 
11339  3141  641 
11616  3404  663 
11978  3569  693 
12240  4017  717 
12567  4328  744 
12732  4547  771 
13163  4869  790 
13512  5269  818 
13837  5454  841 
14107  5788  864 
14499  6144  888 
14811  6423  923 
15131  6912  939 
15362  7051  961 
15588  7245  982 
15778  7685  1002 
16002  7961  1036 
16247  9053  1053 
16437  9370  1070 
16704  9574  1094 
16871  9890  1107 
17036  9930  1120 
17191  10166  1137 
17387  10356  1147 
17585  10581  1156 
17712  10777  1166 
17857  11187  1176 
18070  11399  1185 
18283  11630  1205 
18429  11874  1216 
18594  12162  1227 
18791  12629  1235 
18982  12829  1248 
19133  13046  1259 
19257  13256  1266 
19398  13426  1276 
19517  13526  1288 
19669  13800  1296 
19907  13919  1305 
20103  14145  1316 
20290  14419  1322 
20479  14638  1333 
20604  14826  1339 
20749  14910  1354 
20945  15103  1360 
21182  15283  1369 
21404  15445  1380 
21679  15635  1394 
21999  15719  1410 
22165  15817  1427 
22415  16071  1437 
22760  16117  1451 
23080  16308  1473 
23400  16555  1484 
23730  16735  1500 
24045  16911  1512 
24291  17031  1523 
24505  17187  1539 
24826  17391  1555 
25286  17906  1565 
25697  18181  1579 
26022  18530  1589 
26313  18814  1612 
26582  18912  1634 
26970  19050  1651 
27296  19314  1667 
27746  19363  1687 
28166  19545  1708 
28582  19854  1731 
28973  20026  1750 
29223  20213  1768 
29620  20534  1799 
30175  20799  1817 
30789  20969  1834 
31381  21129  1847 
32079  21414  1871 
32535  21545  1884 
32948  21692  1901 
33585  21803  1931 
34226  22049  1952 
35003  22189  1971 
